 <pre>

 Contingency table for clouds <7500m (octas)
 Selection: ALL    203 stations
Period: 20220816-20220831
Used {00,03,...,21} + 00 01 ... 12
 Limits    1.00000000       2.00000000       3.00000000       4.00000000       5.00000000       6.00000000       7.00000000    
 Each class is data <= limit, the very last > last limit
 Total number of values      222539
                                              OBSERVATION
                                  50789     4691     4614     3376     3590     2890     7103    10893 |     87946
                                   3538      698      937      657     1081      773     2481     3026 |     13191
                                   2724      590      808      583      899      679     2567     2687 |     11537
                       Prod_EC     2290      565      822      610      965      710     2829     3090 |     11881
                                   1861      466      754      548      977      727     3141     3441 |     11915
                                   1600      467      719      546     1020      817     3839     4368 |     13376
                                   2031      539      866      706     1423     1091     5784     7531 |     19971
                                   2838      912     1462     1087     2388     1946    14156    27933 |     52722

                    SUM           67671     8928    10982     8113    12343     9633    41900    62969 |    222539
                                              OBSERVATION
                                  50238     4651     4518     3253     3524     2861     7292    11609 |     87946
                                   3593      694      929      696     1022      765     2639     3187 |     13525
                                   2822      616      753      628      884      732     2384     2749 |     11568
                        cyc_2h     2365      583      804      605      962      694     2732     3177 |     11922
                                   1881      464      791      594      958      724     3070     3486 |     11968
                                   1805      516      771      565     1041      813     3600     4344 |     13455
                                   2082      528      933      667     1410     1071     5735     7595 |     20021
                                   2885      876     1483     1105     2542     1973    14448    26822 |     52134

                    SUM           67671     8928    10982     8113    12343     9633    41900    62969 |    222539
                                              OBSERVATION
                                  50587     4674     4622     3274     3767     2935     7422    11914 |     89195
                                   3588      735      929      732     1001      749     2636     3139 |     13509
                                   2757      563      795      589      895      682     2440     2825 |     11546
                        cyc_3h     2387      582      786      617      988      723     2805     3138 |     12026
                                   1887      467      708      564      949      773     3124     3495 |     11967
                                   1692      480      681      534     1009      742     3610     4290 |     13038
                                   1990      578      972      694     1361     1073     5759     7428 |     19855
                                   2783      849     1489     1109     2373     1956    14104    26740 |     51403

                    SUM           67671     8928    10982     8113    12343     9633    41900    62969 |    222539

