 <pre>

 Contingency table for Cloud base (m)
 Selection: ALL    644 stations
Period: 20220816-20220831
Used {00,03,...,21} + 00 01 ... 12
 Limits    70.0000000       150.000000       300.000000       600.000000       1000.00000       1500.00000       2500.00000       5000.00000    
 Each class is data <= limit, the very last > last limit
 Total number of values      510902
                                                       OBSERVATION
                                   2498      766      468      219      163       62       66      146      776 |      5164
                                    771     1161     1004      272       87       59       45       76      151 |      3626
                                    754     2110     4205     2046      440      173      174      179      297 |     10378
                                    526     1583     6526     9701     3226      902      421      383      575 |     23843
                       Prod_EC      573     1102     3958    11352    13702     4396     1445     1004     2120 |     39652
                                    605      930     2713     5651    11246    14529     5019     2298     4073 |     47064
                                    717     1216     2558     3869     4943     8287    13063     6004     6989 |     47646
                                    755     1460     3332     4132     5756     3974     6274    20922     6017 |     52622
                                   6241     4064     8463    15618    23683    25030    23635    32757   141416 |    280907

                    SUM           13440    14392    33227    52860    63246    57412    50142    63769   162414 |    510902
                                                       OBSERVATION
                                   1913      415      229      149      132       51       55       72      685 |      3701
                                    591      659      616      226       60       38       28       42      121 |      2381
                                    650     1678     2988     1464      431      144      125      104      161 |      7745
                                    420     1485     5902     8089     2938      838      415      366      425 |     20878
                        cyc_2h      482     1095     3881    10585    12587     4705     1559     1121     1695 |     37710
                                    598      867     2713     5212    10911    14436     5190     2272     3839 |     46038
                                    822     1231     2931     4189     5085     8129    12102     5534     6765 |     46788
                                   1091     1917     3906     5039     6218     4490     7035    20608     6810 |     57114
                                   6873     5045    10061    17907    24884    24581    23633    33650   141913 |    288547

                    SUM           13440    14392    33227    52860    63246    57412    50142    63769   162414 |    510902
                                                       OBSERVATION
                                   1935      455      281      159      149       37       69       65      705 |      3855
                                    567      714      638      233       65       46       29       31      112 |      2435
                                    652     1795     3016     1350      384      170      120      112      162 |      7761
                                    470     1425     5983     8188     2985      870      415      352      458 |     21146
                        cyc_3h      467     1079     3793    10609    12221     4484     1532     1055     1569 |     36809
                                    512      910     2738     5410    11010    14194     5025     2245     3679 |     45723
                                    878     1325     2842     3995     4901     8217    12478     5487     6957 |     47080
                                    937     1723     3733     4784     6221     4421     6624    20402     6119 |     54964
                                   7022     4966    10203    18132    25310    24973    23850    34020   142653 |    291129

                    SUM           13440    14392    33227    52860    63246    57412    50142    63769   162414 |    510902

