 <pre>

 Contingency table for Cloud cover (octas)
 Selection: ALL    405 stations
Period: 20220816-20220831
Used {00,03,...,21} + 00 01 ... 12
 Limits   0.500000000       1.50000000       2.50000000       3.50000000       4.50000000       5.50000000       6.50000000       7.50000000    
 Each class is data <= limit, the very last > last limit
 Total number of values      353390
                                                       OBSERVATION
                                  38434     9228     8243     4302     2374     2806     2514     2581     3658 |     74140
                                   9598     2911     2925     2362     1617     1931     2097     2503     3901 |     29845
                                   5108     1664     1740     1441     1004     1378     1581     1982     3329 |     19227
                                   3675     1198     1304     1131      879     1149     1491     1932     3415 |     16174
                       Prod_EC     3248     1168     1241     1102      867     1273     1604     2113     3697 |     16313
                                   3012     1121     1250     1132      958     1409     1805     2608     4501 |     17796
                                   3078     1169     1308     1231     1084     1700     2377     3380     6271 |     21598
                                   3771     1391     1709     1767     1459     2262     3443     5603    11062 |     32467
                                   6433     2835     2760     3393     2786     5420     9610    24171    68422 |    125830

                    SUM           76357    22685    22480    17861    13028    19328    26522    46873   108256 |    353390
                                                       OBSERVATION
                                  39201     9455     8333     4384     2519     3005     2696     2747     4307 |     76647
                                   9461     3013     3030     2422     1593     1926     2099     2715     4312 |     30571
                                   4870     1569     1801     1395     1014     1417     1622     2099     3641 |     19428
                                   3704     1256     1329     1147      887     1208     1486     1924     3486 |     16427
                        cyc_2h     3218     1131     1178     1152      903     1199     1550     2137     3889 |     16357
                                   2954     1056     1142     1132      958     1354     1813     2457     4490 |     17356
                                   3035     1076     1318     1258     1040     1630     2349     3332     6466 |     21504
                                   3740     1433     1693     1709     1384     2291     3406     5597    11021 |     32274
                                   6174     2696     2656     3262     2730     5298     9501    23865    66644 |    122826

                    SUM           76357    22685    22480    17861    13028    19328    26522    46873   108256 |    353390
                                                       OBSERVATION
                                  39846     9590     8332     4510     2555     3078     2772     2880     4359 |     77922
                                   9643     3011     3084     2411     1599     2015     2080     2627     4390 |     30860
                                   4861     1565     1679     1453     1098     1425     1643     2144     3603 |     19471
                                   3554     1256     1325     1107      881     1194     1475     1957     3646 |     16395
                        cyc_3h     3103     1137     1239     1162      886     1225     1528     2289     3831 |     16400
                                   2958     1064     1236     1132      942     1428     1851     2609     4780 |     18000
                                   2910     1114     1338     1275     1009     1641     2270     3449     6503 |     21509
                                   3612     1342     1689     1669     1388     2307     3536     5743    11400 |     32686
                                   5870     2606     2558     3142     2670     5015     9367    23175    65744 |    120147

                    SUM           76357    22685    22480    17861    13028    19328    26522    46873   108256 |    353390

