 <pre>

 Contingency table for Low clouds (octas)
 Selection: ALL    625 stations
Period: 20220816-20220831
Used {00,03,...,21} + 00 01 ... 12
 Limits    1.00000000       2.00000000       3.00000000       4.00000000       5.00000000       6.00000000       7.00000000    
 Each class is data <= limit, the very last > last limit
 Total number of values      538186
                                              OBSERVATION
                                 233060    17971    13022     8865     8325     7257    11812    20562 |    320874
                                   9632     2063     1951     1435     1502     1382     2643     4549 |     25157
                                   6126     1456     1367     1161     1142     1088     2066     3475 |     17881
                       Prod_EC     5324     1372     1391     1028     1118     1043     2029     3226 |     16531
                                   4679     1419     1486     1079     1222     1119     2251     3604 |     16859
                                   4495     1452     1532     1208     1445     1373     2772     4427 |     18704
                                   5320     1880     2026     1628     1895     1930     4164     7224 |     26067
                                  10895     4929     5779     4969     5819     6577    17140    40005 |     96113

                    SUM          279531    32542    28554    21373    22468    21769    44877    87072 |    538186
                                              OBSERVATION
                                 235580    18739    13619     9409     9160     8026    13559    25029 |    333121
                                   9084     1967     1813     1450     1484     1346     2735     4905 |     24784
                                   5870     1344     1445     1070     1033     1081     1995     3724 |     17562
                        cyc_2h     4979     1332     1375     1066     1010      980     1962     3435 |     16139
                                   4425     1320     1413     1091     1139     1037     2128     3641 |     16194
                                   4314     1388     1495     1202     1353     1253     2666     4384 |     18055
                                   5139     1756     2107     1491     1787     1826     4030     6944 |     25080
                                  10140     4696     5287     4594     5502     6220    15802    35010 |     87251

                    SUM          279531    32542    28554    21373    22468    21769    44877    87072 |    538186
                                              OBSERVATION
                                 236416    18927    13816     9513     9277     8008    13564    25135 |    334656
                                   8943     1845     1922     1456     1457     1321     2636     4874 |     24454
                                   5577     1403     1402     1069     1037     1071     2062     3684 |     17305
                        cyc_3h     4910     1320     1377     1011     1079      994     1951     3364 |     16006
                                   4399     1241     1363     1046     1140     1151     2154     3636 |     16130
                                   4354     1440     1511     1172     1313     1199     2610     4365 |     17964
                                   5013     1745     1932     1539     1770     1839     3982     6992 |     24812
                                   9919     4621     5231     4567     5395     6186    15918    35022 |     86859

                    SUM          279531    32542    28554    21373    22468    21769    44877    87072 |    538186

